  42.30785
  41.87066
  41.52909
  41.33967
  41.18104
  41.02586
  40.89940
  40.79503
  40.74438
  40.68485
  40.60013
  40.50452
  40.43369
  40.40463
  40.34649
  40.29880
  40.19771
  40.13181
  40.10573
  40.08531
  40.03177
  39.89863
  39.83866
  39.85439
  39.85819
  39.81310
  39.75293
  39.68954
  39.64206
  39.62544
  39.55761
  39.50496
  39.50190
  39.47879
  39.45306
  39.43295
  39.37012
  39.35182
  39.31443
  39.33700
  39.29031
  39.23398
  39.16776
  39.10219
  39.09407
  39.05573
  39.03842
  39.01179
  38.98168
  38.94867
  38.91203
  38.86923
  38.79635
  38.79012
  38.74873
  38.74203
  38.71333
  38.68022
  38.62681
  38.60684
  38.59751
  38.59920
  38.57839
  38.50416
  38.47115
  38.45298
  38.45159
  38.38531
  38.31817
  38.28076
  38.25924
  38.26880
  38.24532
  38.19530
  38.14821
  38.10879
  38.12156
  38.10528
  38.08158
  38.02779
  37.97578
  37.98397
  38.01350
  37.96254
  37.89736
  37.83998
  37.81192
  37.83275
  37.81727
  37.78263
  37.68752
  37.65624
  37.65066
  37.60625
  37.58308
  37.48849
  37.44874
  37.40786
  37.43557
  37.41055
  37.35066
  37.28806
  37.23084
  37.20161
  37.18746
  37.14303
  37.09174
  37.05056
  37.10584
  37.03188
  37.01448
  36.93755
  36.90047
  36.84549
  36.86190
  36.83285
  36.81250
  36.72073
  36.66068
  36.60738
  36.62656
  36.60392
  36.52348
  36.44467
  36.38035
  36.39794
  36.41551
  36.37282
  36.28381
  36.23036
  36.18655
  36.20231
  36.21902
  36.13667
  36.07508
  36.01627
  36.05267
  36.05487
  36.03378
  35.96054
  35.92267
  35.87791
  35.89117
  35.86728
  35.78827
  35.73825
  35.68158
  35.62581
  35.63268
  35.59175
  35.52600
  35.48159
  35.43449
  35.45241
  35.46309
  35.41648
  35.32725
  35.28664
  35.30222
  35.28955
  35.27092
  35.20739
  35.16160
  35.11889
  35.13604
  35.14978
  35.09308
  35.01505
  34.96780
  34.92524
  34.97386
  34.96049
  34.90107
  34.84720
  34.80274
  34.80428
  34.80455
  34.77025
  34.71160
  34.65514
  34.61021
  34.57349
  34.56794
  34.51742
  34.46780
  34.42847
  34.37492
  34.36763
  34.33567
  34.29802
  34.25676
  34.21637
  34.24697
  34.27064
  34.22684
  34.14926
  34.09650
  34.05117
  34.08159
  34.06703
  34.03348
  33.95771
  33.92724
  33.87688
  33.91700
  33.90395
  33.85493
  33.79396
  33.73827
  33.74231
  33.72984
  33.71532
  33.65351
  33.61068
  33.57228
  33.57907
  33.57215
  33.55627
  33.46617
  33.42138
  33.37209
  33.37127
  33.36883
  33.31268
  33.24994
  33.19597
  33.15319
  33.15284
  33.14482
  33.09256
  33.01503
  32.96568
  32.97936
  32.99866
  32.97445
  32.89625
  32.83465
  32.78696
  32.80254
  32.79950
  32.78246
  32.70775
  32.66961
  32.62261
  32.66275
  32.62476
  32.59490
  32.51044
  32.44765
  32.40626
  32.46744
  32.41526
  32.40241
  32.33372
  32.26975
  32.24757
  32.27242
  32.24324
  32.19757
  32.19237
  32.13623
  32.11633
  32.11773
  32.09110
  32.03877
  32.04382
  31.95911
  31.92181
  31.92775
  31.91824
  31.81003
  31.75261
  31.70298
  31.74016
  31.73985
  31.70103
  31.60213
  31.56418
  31.50102
  31.60880
  31.54807
  31.51685
  31.48753
  31.39402
  31.35543
  31.39267
  31.36872
  31.31227
  31.26543
  31.18686
  31.15638
  31.18510
  31.17469
  31.14486
  31.05208
  30.99726
  31.01811
  30.98132
  30.92150
